628
620.49  109.858  483.631  99.1723
466.535  120.558  362.035  122.608
555.096  172.273  425.856  166.119
405.962  193.568  323.899  186.931
418.58  191.624  331.246  185.044
306.25  468.249  263.419  396.962
391.645  159.093  314.248  157.976
116.046  395.064  184.081  321.737
578.362  306.356  440.053  299.457
569.676  385.385  430.527  376.744
90.4875  212.02  178.166  199.149
539.347  277.09  409.933  266.545
495.67  271.092  379.23  258.466
471.56  218.368  364.195  209.16
413.101  196.781  327.865  189.419
519.389  262.901  394.64  250.703
514.661  293.247  391.46  279.847
375.741  251.257  304.729  229.396
486.929  258.671  371.828  244.317
475.188  252.852  365.253  239.939
515.201  296.611  391.816  283.226
454.01  191.41  350.427  183.3
596.221  156.334  461.057  148.888
514.538  93.4855  395.025  94.9798
618.231  314.021  473.932  312.517
568.929  389.989  430.047  381.712
527.76  270.431  401.947  259.715
496.838  294.105  378.775  278.991
616.379  342.427  470.858  341.343
477.657  254.489  366.722  241.404
529.125  270.519  402.682  259.618
362.491  422.315  293.107  371.428
575.917  157.854  443.158  151.243
466.143  204.675  360.734  196.692
514.427  24.3443  398.372  30.4678
131.567  362.513  192.1  299.131
616.874  323.915  471.872  322.162
131.865  269.357  191.167  239.244
567.429  368.805  429.191  359.699
406.602  221.842  322.788  209.329
296.254  311.715  262.425  276.813
590.673  296.688  452.014  292.538
504.108  353.304  381.618  333.427
508.182  147.662  390.66  144.234
576.211  308.017  438.102  300.594
417.655  208.353  331.792  201.68
96.133  306.244  179.22  260.947
517.733  142.009  398.489  138.569
584.99  309.503  445.151  303.029
141.351  304.55  194.976  263.202
289.982  343.905  259.657  296.797
138.831  430.968  192.389  347.531
502.567  270.856  384.427  259.325
577.301  162.315  444.461  155.787
500.31  138.034  384.206  136.043
569.612  106.533  439.151  100.799
441.984  327.302  341.886  303.848
413.665  208.96  327.153  198.801
568.669  367.323  430.255  358.424
527.421  271.964  401.81  261.228
138.893  216.873  195.63  203.199
204.306  381.213  219.648  319.848
490.027  108.392  376.719  111.169
553.532  167.439  425.042  161.575
571.206  102.476  440.285  97.0065
556.156  187.754  429.864  181.788
504.622  363.509  381.484  342.605
452.64  174.673  351.693  169.994
495.591  254.548  380.145  243.924
531.526  271.611  404.737  261.027
567.879  369.062  430.056  361.231
547.814  368.846  413.033  354.621
418.431  193.709  331.257  186.76
569.391  365.286  430.881  356.416
380.338  275.554  306.435  249.274
373.482  234.842  304.288  220.203
288.03  233.281  259.711  217.413
576.709  159.72  444.133  152.95
590.761  308.268  450.509  302.875
513.814  132.238  394.938  130.024
568.626  370.088  429.808  361.15
494.761  349.072  376.736  330.977
596.953  123.35  463.286  114.761
555.092  169.728  425.69  163.809
519.175  358.031  392.902  341.014
505.094  120.711  388.829  120.089
502.123  268.723  383.424  256.553
468.466  167.014  363.538  163.299
616.967  343.509  471.327  342.774
569.228  40.7587  440.752  35.9759
580.941  305.834  442.197  298.96
604.658  311.925  462.681  309.325
134.145  265.88  192.233  236.658
573.818  103.144  443.578  96.542
547.089  174.468  419.532  168.647
291.995  418.139  257.382  357.553
536.218  84.7311  413.867  82.647
486.47  174.779  375.256  169.481
536.575  84.6545  412.9  83.346
484.677  173.194  374.453  168.127
618.199  310.535  474.31  308.749
475.577  160.011  368.639  156.388
257.366  393.81  242.44  334.828
527.139  96.1918  406.714  95.0058
553.775  283.685  420.816  273.847
569.676  385.385  430.318  376.895
485.042  254.381  371.209  241.449
563.729  377.449  425.582  367.485
589.354  308.562  449.34  302.898
618.221  323.867  473.047  322.574
500.13  352.563  379.248  332.2
484.793  265.454  371.318  252.242
438.516  143.102  344.183  142.947
551.118  224.659  421.046  216.748
92.73  182.963  177.902  180.53
138.76  272.7  194.396  241.735
572.169  386.249  431.52  377.011
530.163  279.707  404.66  269.686
438.215  327.715  339.014  302.618
588.122  310.47  447.661  304.864
373.142  234.03  304.288  220.203
541.639  276.505  411.287  266.203
487.937  352.051  371.331  330.945
527.182  272.382  401.001  261.548
150.992  406.025  197.24  331.697
551.4  174.118  422.846  168.298
531.305  148.935  407.216  144.859
556.71  168.564  427.532  162.161
497.946  254.125  381.115  242.261
514.668  356.2  388.837  337.95
565.949  380.386  426.873  369.025
552.198  377.912  416.674  366.142
508.228  320.241  385.459  302.646
438.863  246.347  340.994  229.699
457.714  245.36  353.181  231.74
406.505  222.963  322.563  210.627
602.973  115.173  467.497  106.072
519.543  264.392  396.084  253.951
574.057  282.839  437.064  274.906
585.337  277.754  447.143  271.402
533.727  149.988  408.263  145.171
551.49  377.869  416.92  366.015
529.884  104.123  407.862  102.707
467.421  167.517  363.538  163.299
580.536  303.798  441.361  297.085
552.088  175.098  423.833  169.323
496.813  255.171  381.303  244.205
581.318  80.3137  450.502  72.7185
491.771  293.004  375.254  278.03
569.176  368.746  430.899  361.23
545.143  174.797  418.192  169.144
614.753  387.055  468.85  387.914
420.778  288.56  333.245  279.329
553.828  382.77  418.721  372.986
279.554  229.391  255.865  214.934
501.602  360.613  380.023  339.503
100.037  244.516  181.245  220.266
339.036  239.272  285.706  223.951
464.799  344.542  354.97  319.652
573.553  182.317  441.622  175.495
540.884  368.674  409.003  356.612
423.038  188.378  334.326  182.004
378.012  245.45  306.901  231.288
422.981  185.608  333.311  178.895
510.609  245.415  390.307  234.734
447.859  161.497  348.272  158.245
511.228  131.556  393.311  129.727
158.056  333.199  201.972  281.796
545.619  173.878  418.361  168.282
555.031  167.727  425.764  161.26
525.18  146.715  403.19  143.093
495.299  152.814  379.687  150.126
454.921  285.152  351.172  266.395
508.104  149.085  390.903  145.145
510.764  246.165  389.598  234.694
589.652  126.435  455.196  118.641
352.3  234.759  292.879  221.266
546.139  361.142  412.101  348.275
509.998  245.714  389.598  234.694
526.535  185.767  404.913  180.218
90.3223  209.198  175.766  198.536
587.976  157.388  453.495  149.903
489.281  107.578  377.893  109.88
555.213  168.015  426.029  161.502
483.099  175.223  372.94  170.65
235.343  333.702  233.055  289.066
232.592  337.769  232.386  290.576
573.899  283.985  438.179  276.965
589.445  152.041  454.514  144.418
481.559  178.969  376.188  174.117
590.095  308.059  449.34  302.898
507.365  131.837  390.149  130.411
447.558  228.29  348.382  216.67
494.689  254.124  379.437  242.464
524.211  146.924  402.545  142.398
205.068  365.52  220.189  307.76
434.486  142.346  341.145  143.493
462.501  97.7315  364.792  99.4194
620.427  110.868  483.566  99.707
524.934  185.427  404.913  180.218
480.878  177.549  371.568  172.872
545.406  287.966  414.622  277.239
579.951  189.463  447.533  182.662
484.816  328.556  370.004  308.888
238.75  293.984  235.847  259.632
527.307  128.066  405.57  125.47
515.4  358.779  389.762  341.907
430.667  300.276  335.454  276.319
232.691  388.733  232.252  327.529
576.159  159.499  443.463  152.401
475.225  256.55  364.575  243.285
563.729  377.449  426.784  367.991
453.361  189.99  360.798  187.087
526.327  107.127  404.285  105.277
216.459  258.486  226.258  233.667
538.882  277.338  410.487  266.92
65.285  355.497  165.93  293.207
514.98  287.667  392.117  274.153
496.253  267.863  378.888  255.336
495.125  253.964  379.986  242.535
487.259  212.579  373.613  204.013
82.0127  353.263  172.285  290.947
589.114  125.953  454.7  118.095
96.133  306.244  179.311  261.489
619.289  82.8739  484.196  70.0623
590.365  101.195  456.996  92.7965
506.636  130.276  388.265  128.389
519.403  265.608  396.084  253.951
492.527  180.065  378.173  173.643
552.079  361.311  417.234  350.649
503.426  130.847  384.391  130.793
187.899  403.95  211.619  334.171
513.814  356.367  387.561  337.178
563.597  192.358  432.968  185.334
599.372  313.998  456.818  310.067
566.962  279.09  431.925  270.629
602.887  197.37  467.307  190.78
550.872  282.25  420.035  273.125
551.378  380.326  415.813  368.599
589.12  101.071  456.165  92.6717
621.081  359.158  475.159  359.437
589.62  147.801  454.922  140.003
369.409  243.441  302.265  229.014
557.951  387.675  420.224  376.196
182.33  377.455  211.581  314.569
181.595  405.337  209.168  334.121
573.031  282.563  437.064  274.906
620.358  83.8722  484.231  71.3468
575.774  311.189  437.567  304.611
472.342  187.01  365.563  181.617
477.687  160.553  369.399  157.674
104.025  329.134  179.997  277.097
619.892  165.952  482.701  157.432
573.45  159.804  441.878  152.686
549.4  224.424  421.046  216.748
551.462  288.899  418.834  278.109
66.8162  468.415  163.507  365.835
620.451  102.12  483.885  90.3826
596.877  104.705  461.552  95.9823
589.631  99.8369  456.213  91.4992
600.257  119.939  464.841  110.91
491.739  352.966  372.722  331.939
216.767  255.943  226.034  232.083
89.6824  208.997  175.766  198.536
519.403  265.608  395.933  253.662
553.088  378.303  416.674  366.142
304.936  249.091  270.135  226.616
459.451  266.548  354.647  252.719
553.083  286.598  420.479  276.309
618.872  188.366  482.095  181.223
594.112  106.422  460.73  97.3488
599.922  157.895  464.509  149.684
589.865  147.672  454.996  139.778
617.518  338.673  471.733  338.296
453.731  208.691  352.852  199.367
561.3  110.171  432.509  105.892
210.857  268.833  223.514  242.85
309.707  351.527  269.154  306.13
506.57  110.415  390.553  110.96
338.074  252.779  282.916  238.47
623.46  195.015  487.714  188.537
543.36  373.398  410.71  359.226
297.786  311.129  263.516  277.528
526.168  344.98  397.584  330.157
500.395  126.029  390.135  123.969
513.641  93.9131  394.147  96.5117
570.172  294.233  434.056  287.742
217.686  346.89  225.499  295.911
620.314  82.8907  484.201  70.1998
590.193  100.713  456.509  92.2907
549.32  361.378  412.568  343.44
510.852  244.586  389.598  234.694
451.679  188.09  352.617  183.136
183.917  380.82  212.343  316.989
544.275  282.419  414.591  272.134
589.469  150.649  454.675  142.742
488.708  173.726  377.216  169.547
393.889  172  315.663  166.628
540.955  24.4575  417.176  25.9677
489.195  262.848  374.246  250.727
505.232  269.749  387.155  258.123
589.806  148.343  455.019  140.387
509.791  99.4504  393.527  100.478
620.863  125.26  483.242  114.571
390.824  224.501  313.28  211.979
568.619  127.25  438.901  121.879
137.941  272.208  194.396  241.735
178.476  260.789  211.644  232.511
502.248  358.961  381.24  338.76
406.538  224.301  322.379  208.295
442.854  191.007  344.129  182.349
583.253  374.575  442.405  367.964
498.848  257.912  382.677  246.266
447.204  189.03  349.163  183.757
485.064  259.039  371.223  246.664
230.788  295.611  232.624  259.409
402.956  243.288  319.607  227.677
587.927  126.373  454.7  118.095
477.014  255.512  368.282  243.559
530.457  287.094  404.43  275.778
589.788  100.887  456.509  92.2907
475.356  219.415  365.737  210.451
359.434  377.405  293.518  334.721
483.336  274.052  369.575  260.185
216.423  348.3  224.884  296.691
602.77  198.044  467.395  191.279
465.009  165.768  360.795  162.857
362.74  257.538  296.953  235.969
243.032  233.5  241.173  215.545
544.154  287.959  414.555  277.587
332.869  431.038  278.19  374.401
156.734  335.422  202.807  283.478
520.508  184.207  398.591  177.057
556.254  293.058  423.577  283.5
505.106  362.373  381.484  342.605
512.643  131.652  394.938  130.024
399.915  188.119  319.518  179.586
312.799  239.348  272.093  224.595
619.755  167.976  482.618  159.311
598.073  123.895  463.286  114.761
555.51  171.59  426.694  164.591
582.585  374.383  441.282  366.572
469.62  307.903  359.884  290.727
436.775  229.566  342.909  218.699
276.503  254.307  257.129  229.615
496.682  254.136  381.115  242.261
505.525  261.722  386.593  249.234
590.761  308.268  450.881  302.179
529.662  271.115  403.884  259.801
70.7231  213.632  169.089  199.728
236.027  332.245  234.071  285.732
428.084  178.715  336.958  174.843
485.349  255.138  371.253  243.086
507.694  320.958  385.459  302.646
419.164  234.748  331.927  222.763
544.848  284.338  414.976  273.711
362.144  425.253  293.84  374.402
424.076  230.571  334.119  221.669
618.148  292.434  475.736  289.587
503.45  178.542  387.976  174.11
420.287  240.512  331.495  225.52
216.935  256.505  226.034  232.083
240.67  400.884  235.34  338.833
624.863  348.007  478.992  347.924
443.248  324.212  341.559  300.323
468.056  194.552  362.547  188.878
183.917  380.82  210.948  315.923
504.538  358.865  383.132  339.072
618.946  194.039  482.118  186.926
576.448  158.919  444.312  151.291
445.096  209.599  346.306  201.405
212.241  275.458  225.391  246.604
550.004  286.212  418.351  275.373
307.268  348.156  268.047  304.832
620.418  144.123  482.707  134.029
109.402  323.854  183.005  275.311
500.719  336.09  378.859  317.533
550.586  387.452  413.748  374.044
430.186  330.76  333.461  305.465
138.246  265.535  195.549  234.228
290.76  260.375  261.071  234.879
432.871  143.581  339.536  145.408
203.553  467.481  216.241  380.459
173.857  308.774  208.259  265.537
387.795  227.013  313.509  214.655
619.839  134.525  482.11  124.007
459.87  178.463  356.959  174.399
408.288  298.334  321.029  274.587
407.152  237.983  322.279  224.767
546.293  238.012  418.761  229.693
494.814  236.83  378.599  227.355
618.779  190.442  482.055  183.006
531.216  151.521  410.123  147.799
453.412  207.407  351.66  199.737
331.359  223.562  282.611  211.927
592.675  286.122  454.034  280.377
428.229  308.065  332.523  284.407
447.499  352.681  341.11  317.139
508.744  267.769  390.198  256.452
511.682  96.5647  393.915  98.8071
300.106  250.17  268.12  227.809
298.237  259.341  265.558  232.16
442.89  271.164  342.956  254.949
564.54  92.2247  435.178  86.1784
546.306  355.255  411.688  342.863
510.151  309.507  386.251  294.423
461.195  267.444  354.647  252.719
602.887  197.37  467.448  190.195
174.046  407.052  205.537  334.315
379.329  253.851  308.277  239.267
602.976  198.441  467.395  191.279
515.993  185.281  397.466  178.205
389.031  227.128  314.297  214.47
76.6325  233.885  171.752  212.462
443.919  208.716  347.89  199.703
552.688  174.249  423.833  169.323
230.67  288.868  232.036  254.755
465.972  120.745  362.264  123.885
133.728  269.797  191.947  238.082
176.321  294.815  210.998  254.199
405.52  243.23  320.349  226.828
230.136  432.973  228.336  358.829
440.629  325.472  339.276  299.824
403.829  283.854  321.368  263.013
511.65  98.481  392.675  98.4393
603.036  188.18  467.415  180.463
128.849  365.735  189.884  300.568
111.042  196.605  185.305  190.486
453.223  173.43  351.693  169.994
405.652  241.239  320.696  226.036
136.542  264.75  192.311  235.297
462.471  344.596  352.774  320.148
379.409  255.458  308.277  239.267
540.842  372.105  406.166  356.748
460.986  341.564  351.802  317.061
507.098  111.239  391.381  112.113
187.138  259.232  213.196  232.714
296.254  311.715  263.516  277.528
406.732  301.536  323.498  283.283
435.512  229.458  341.049  216.077
464.112  344.946  353.864  321.045
600.215  121.173  465.025  111.363
502.962  295.503  380.679  279.711
454.03  189.104  350.679  179.986
550.154  258.023  420.318  248.496
295.684  371.95  261.676  323.954
622.958  295.397  480.276  292.998
596.46  120.794  461.809  111.244
547.002  290.884  414.28  281.384
610.141  187.811  474.492  180.007
445.137  325.564  342.291  301.709
451.759  134.871  350.877  137.866
430.826  319.531  333.43  294.199
57.3953  455.824  162.728  356.974
503.655  364.754  383.63  346.384
431.023  232.873  336.704  221.727
82.0127  353.263  171.264  290.741
330.813  244.318  280.26  224.763
603.634  198.089  468.333  190.755
432.944  231.414  339.441  217.516
511.977  246.015  390.928  233.688
246.018  257.046  240.244  231.096
549.314  382.775  412.718  369.723
528.159  104.284  406.6  104.231
302.04  338.245  263.591  295.286
526.447  126.902  405.298  125.322
424.487  197.866  334.398  192.203
415.601  274.684  324.18  249.819
617.078  192.256  480.433  184.568
536.03  378.355  406.043  362.967
314.379  349.245  271.422  308.961
131.353  218.915  192.918  205.911
550.552  169.48  421.523  164.946
546.932  227.397  419.508  218.848
604.412  197.312  469.249  189.925
619.085  192.298  482.5  184.627
500.547  104.823  384.595  108.407
282.779  418.176  254.658  356.896
466.055  343.237  354.97  319.652
260.849  239.717  248.545  221.997
323.416  420.31  274.328  364.737
106.13  249.534  182.525  222.902
160.416  428.462  201.594  349.762
618.83  194.525  482.118  186.926
457.693  190.72  355.674  185.982
550.681  357.87  414.268  345.695
528.491  24.1115  411.249  27.2005
419.296  286.581  331.607  269.656
502.962  295.503  380.197  279.374
610.174  200.45  474.212  193.138
89.9614  253.294  175.676  225.396
397.086  196.376  316.806  189.271
398.069  194.042  317.533  187.541
216.498  317.865  224.908  274.629
456.787  195.16  357.637  187.865
155.049  426.687  200.021  347.219
461.882  240.577  357.706  226.79
77.7647  228.432  172.265  208.469
618.103  249.218  478.851  244.484
504.575  272.714  383.322  255.421
351.759  424.583  289.001  371.901
138.837  222.901  195.471  205.419
88.0828  210.53  176.963  196.551
605.803  215.937  470.127  209.383
414.662  213.157  328.085  199.599
339.566  238.595  287.231  223.809
561.566  271.052  429.988  262.62
592.375  195.945  457.107  187.932
252.18  392.01  241.374  333.71
159.174  328.689  201.358  278.199
168.742  305.042  206.386  261.685
618.012  249.253  478.797  244.464
352.711  394.741  290.354  348.095
618.012  249.253  478.851  244.484
320.435  420.836  273.117  363.909
424.404  319.075  328.724  290.616
494.966  219.598  379.297  208.229
395.004  189.219  318.727  181.835
25.6178  165.336  156.086  170.876
435.321  233.065  339.13  222.235
525.455  125.707  403.981  124.775
501.464  452.3  378.239  422.162
479.546  441.908  364.565  411.109
501.439  450.836  379.533  425.244
562.707  279.638  429.935  270.442
603.634  198.089  467.448  190.195
467.998  348.058  356.091  325.143
155.701  333.897  202.807  283.478
502.491  129.071  384.279  126.603
316.749  421.497  271.374  364.045
485.347  441.737  368.571  412.273
493.575  111.509  382.442  113.699
157.853  465.69  196.981  373.068
470.785  198.35  365.369  189.638
174.463  358.974  208.146  297.596
415.667  321.312  324.339  297.08
455.413  188.819  352.693  179.696
622.99  252.35  483.378  247.884
582.597  377.96  442.087  369.611
509.455  310.842  385.567  296.789
424.337  319.143  328.529  291.111
138.892  306.161  195.845  264.965
287.673  232.762  261.007  218.616
483.55  257.343  372.878  250.258
572.867  372.273  436.452  365.314
265.386  389.812  247.243  335.115
595.232  197.837  460.192  189.721
132.822  303.536  190.956  259.949
610.766  442.899  466.287  446.606
561.566  271.052  429.367  261.656
528.793  275.251  404.266  263.27
436.028  323.845  336.161  299.793
485.036  441.758  368.571  412.273
434.639  328.114  335.242  303.725
414.761  422.708  324.687  381.296
447.16  329.237  343.875  309.079
469.165  196.735  364.636  192.878
233.588  338.593  230.624  291.848
430.694  234.391  335.517  222.853
217.805  24.5304  232.14  66.9914
321.481  419.567  274.098  363.338
168.325  305.516  205.407  262.164
622.996  223.301  485.281  217.096
567.298  284.934  432.293  274.498
587.808  284.031  450.001  276.393
423.898  176.487  333.467  173.897
379.183  242.716  304.928  227.864
528.427  167.963  406.744  164.875
386.633  401.983  309.174  358.432
133.231  216.129  195.422  199.243
252.484  285.215  243.413  257.239
479.865  292.179  370.692  277.134
449.292  193.196  348.368  182.627
603.088  223.532  467.201  216.432
404.388  204.225  320.455  196.755
545.346  379.3  412.49  362.608
259.833  395.932  246.679  333.748
395.157  190.903  318.727  181.835
514.944  292.053  387.427  277.036
493.995  110.895  383.336  113.4
343.811  430.829  285.532  375.013
287.86  266.897  259.093  248.449
541.285  88.4503  418.19  88.4865
431.845  234.996  335.517  222.853
419.187  220.091  329.358  211.712
187.045  49.3028  218.307  87.2424
464.089  258.76  354.417  244.024
507.439  232.601  387.08  218.985
570.157  271.639  426.948  261.314
406.278  209.08  326.276  199.532
165.489  314.199  205.208  266.017
118.072  190.756  191.52  187.035
409.156  196.666  327.427  187.544
323.416  420.31  275.515  364
386.443  228.122  314.252  215.536
602.643  189.458  467.415  180.463
199.982  408.4  219.387  339.975
546.094  241.061  418.055  230.488
413.373  423.282  324.528  382.579
142.097  404.039  195.87  331.883
375.908  196.223  303.908  189.569
478.467  169.724  370.14  168.036
550.272  441.101  416.698  427.543
544.716  381.364  407.586  367.146
505.144  260.498  389.005  248.234
177.056  352.53  207.763  294.159
293.1  337.405  262.383  298.523
90.9602  182.147  176.493  177.028
422.703  327.826  327.166  301.73
259.833  395.932  247.491  332.77
501.439  450.836  380.438  424.439
482.549  154.275  374.263  154.048
429  296.359  336.402  270.662
344.79  267.103  285.747  239.881
212.052  296.633  223.974  266.134
349.776  257.22  293.53  238.777
596.978  122.3  461.809  111.244
563.846  441.75  427.714  431.968
463.764  298.417  352.546  278.397
601.86  213.536  466.101  211.444
147.731  321.794  196.562  271.223
450.938  332.057  343.04  304.908
610.201  202.396  474.115  193.613
253.873  294.009  246.963  260.117
427.121  440.632  332.644  399.23
306.288  257.604  266.085  233.759
489.834  174.26  380.07  166.377
569.228  40.7587  440.752  35.9759
